50 1225
0 0 0
0 1 945
0 2 0
0 3 0
0 4 0
0 5 0
0 6 723
0 7 40
0 8 424
0 9 30
0 10 196
0 11 0
0 12 0
0 13 293
0 14 580
0 15 956
0 16 0
0 17 0
0 18 926
0 19 0
0 20 0
0 21 927
0 22 459
0 23 0
0 24 636
0 25 0
0 26 408
0 27 0
0 28 60
0 29 151
0 30 0
0 31 0
0 32 19
0 33 0
0 34 0
0 35 0
0 36 490
0 37 78
0 38 0
0 39 0
0 40 0
0 41 0
0 42 460
0 43 0
0 44 995
0 45 305
0 46 0
0 47 807
0 48 704
0 49 0
1 0 0
1 1 312
1 2 0
1 3 0
1 4 125
1 5 925
1 6 0
1 7 724
1 8 0
1 9 0
1 10 0
1 11 0
1 12 993
1 13 0
1 14 586
1 15 657
1 16 0
1 17 0
1 18 199
1 19 0
1 20 619
1 21 0
1 22 0
1 23 0
1 24 46
1 25 0
1 26 0
1 27 16
1 28 626
1 29 0
1 30 971
1 31 866
1 32 729
1 33 444
1 34 143
1 35 68
1 36 701
1 37 625
1 38 634
1 39 903
1 40 0
1 41 548
1 42 404
1 43 79
1 44 837
1 45 0
1 46 506
1 47 624
1 48 52
1 49 665
2 0 0
2 1 0
2 2 514
2 3 0
2 4 0
2 5 158
2 6 606
2 7 615
2 8 417
2 9 0
2 10 0
2 11 0
2 12 319
2 13 0
2 14 88
2 15 977
2 16 0
2 17 0
2 18 420
2 19 131
2 20 707
2 21 0
2 22 0
2 23 0
2 24 609
2 25 0
2 26 415
2 27 0
2 28 0
2 29 0
2 30 0
2 31 499
2 32 253
2 33 448
2 34 0
2 35 476
2 36 0
2 37 80
2 38 0
2 39 516
2 40 0
2 41 0
2 42 0
2 43 650
2 44 947
2 45 90
2 46 0
2 47 240
2 48 0
2 49 771
3 0 398
3 1 0
3 2 973
3 3 363
3 4 0
3 5 0
3 6 0
3 7 816
3 8 593
3 9 551
3 10 0
3 11 492
3 12 882
3 13 0
3 14 0
3 15 940
3 16 429
3 17 0
3 18 0
3 19 0
3 20 739
3 21 0
3 22 991
3 23 578
3 24 0
3 25 218
3 26 683
3 27 0
3 28 0
3 29 0
3 30 0
3 31 921
3 32 0
3 33 928
3 34 0
3 35 0
3 36 802
3 37 0
3 38 67
3 39 0
3 40 873
3 41 632
3 42 0
3 43 626
3 44 817
3 45 0
3 46 886
3 47 0
3 48 951
3 49 814
4 0 877
4 1 49
4 2 647
4 3 587
4 4 0
4 5 0
4 6 0
4 7 524
4 8 230
4 9 52
4 10 931
4 11 0
4 12 0
4 13 815
4 14 411
4 15 0
4 16 0
4 17 0
4 18 0
4 19 795
4 20 0
4 21 0
4 22 0
4 23 594
4 24 957
4 25 0
4 26 224
4 27 0
4 28 817
4 29 919
4 30 129
4 31 381
4 32 800
4 33 0
4 34 0
4 35 0
4 36 185
4 37 0
4 38 886
4 39 0
4 40 931
4 41 0
4 42 0
4 43 595
4 44 650
4 45 709
4 46 0
4 47 0
4 48 778
4 49 0
5 0 747
5 1 0
5 2 0
5 3 0
5 4 68
5 5 0
5 6 0
5 7 0
5 8 147
5 9 993
5 10 0
5 11 789
5 12 244
5 13 996
5 14 0
5 15 292
5 16 809
5 17 0
5 18 0
5 19 242
5 20 0
5 21 131
5 22 976
5 23 0
5 24 582
5 25 689
5 26 612
5 27 0
5 28 159
5 29 795
5 30 132
5 31 0
5 32 681
5 33 0
5 34 503
5 35 0
5 36 0
5 37 0
5 38 955
5 39 0
5 40 535
5 41 0
5 42 0
5 43 0
5 44 0
5 45 84
5 46 0
5 47 19
5 48 859
5 49 338
6 0 752
6 1 293
6 2 945
6 3 795
6 4 0
6 5 420
6 6 0
6 7 0
6 8 61
6 9 784
6 10 876
6 11 134
6 12 936
6 13 374
6 14 0
6 15 183
6 16 53
6 17 0
6 18 899
6 19 522
6 20 551
6 21 514
6 22 703
6 23 209
6 24 0
6 25 0
6 26 0
6 27 462
6 28 0
6 29 0
6 30 0
6 31 359
6 32 0
6 33 991
6 34 0
6 35 0
6 36 0
6 37 421
6 38 154
6 39 773
6 40 0
6 41 405
6 42 0
6 43 239
6 44 0
6 45 947
6 46 0
6 47 0
6 48 580
6 49 201
7 0 0
7 1 0
7 2 998
7 3 0
7 4 946
7 5 463
7 6 0
7 7 626
7 8 289
7 9 333
7 10 0
7 11 0
7 12 125
7 13 389
7 14 46
7 15 0
7 16 453
7 17 313
7 18 0
7 19 0
7 20 0
7 21 0
7 22 0
7 23 0
7 24 0
7 25 341
7 26 799
7 27 221
7 28 0
7 29 0
7 30 0
7 31 120
7 32 0
7 33 0
7 34 774
7 35 792
7 36 768
7 37 936
7 38 367
7 39 417
7 40 0
7 41 692
7 42 785
7 43 998
7 44 481
7 45 390
7 46 0
7 47 0
7 48 487
7 49 0
8 0 797
8 1 132
8 2 387
8 3 212
8 4 104
8 5 0
8 6 699
8 7 0
8 8 602
8 9 269
8 10 0
8 11 0
8 12 0
8 13 638
8 14 323
8 15 47
8 16 840
8 17 347
8 18 68
8 19 0
8 20 90
8 21 257
8 22 0
8 23 0
8 24 43
8 25 0
8 26 0
8 27 387
8 28 674
8 29 0
8 30 555
8 31 0
8 32 0
8 33 0
8 34 0
8 35 0
8 36 266
8 37 0
8 38 0
8 39 0
8 40 0
8 41 781
8 42 234
8 43 0
8 44 224
8 45 0
8 46 0
8 47 0
8 48 0
8 49 0
9 0 0
9 1 677
9 2 0
9 3 354
9 4 216
9 5 667
9 6 0
9 7 0
9 8 632
9 9 462
9 10 850
9 11 0
9 12 100
9 13 0
9 14 999
9 15 0
9 16 782
9 17 0
9 18 0
9 19 570
9 20 440
9 21 745
9 22 120
9 23 0
9 24 767
9 25 109
9 26 0
9 27 13
9 28 276
9 29 0
9 30 911
9 31 653
9 32 0
9 33 984
9 34 596
9 35 0
9 36 0
9 37 0
9 38 145
9 39 843
9 40 855
9 41 463
9 42 0
9 43 0
9 44 160
9 45 157
9 46 0
9 47 91
9 48 648
9 49 0
10 0 0
10 1 0
10 2 0
10 3 0
10 4 0
10 5 0
10 6 0
10 7 349
10 8 12
10 9 635
10 10 258
10 11 232
10 12 0
10 13 0
10 14 0
10 15 0
10 16 585
10 17 633
10 18 593
10 19 0
10 20 0
10 21 691
10 22 929
10 23 0
10 24 0
10 25 0
10 26 361
10 27 129
10 28 160
10 29 0
10 30 0
10 31 107
10 32 47
10 33 0
10 34 59
10 35 519
10 36 0
10 37 665
10 38 615
10 39 429
10 40 0
10 41 0
10 42 674
10 43 563
10 44 147
10 45 718
10 46 0
10 47 0
10 48 535
10 49 0
11 0 567
11 1 0
11 2 0
11 3 0
11 4 0
11 5 0
11 6 0
11 7 0
11 8 317
11 9 602
11 10 0
11 11 870
11 12 29
11 13 0
11 14 451
11 15 0
11 16 950
11 17 808
11 18 190
11 19 77
11 20 0
11 21 650
11 22 284
11 23 547
11 24 0
11 25 0
11 26 0
11 27 519
11 28 0
11 29 0
11 30 0
11 31 0
11 32 830
11 33 0
11 34 291
11 35 525
11 36 0
11 37 0
11 38 276
11 39 0
11 40 472
11 41 0
11 42 0
11 43 0
11 44 366
11 45 0
11 46 0
11 47 0
11 48 885
11 49 0
12 0 978
12 1 771
12 2 352
12 3 124
12 4 0
12 5 0
12 6 0
12 7 216
12 8 167
12 9 0
12 10 800
12 11 0
12 12 0
12 13 379
12 14 107
12 15 0
12 16 379
12 17 278
12 18 0
12 19 690
12 20 0
12 21 0
12 22 0
12 23 0
12 24 610
12 25 0
12 26 0
12 27 0
12 28 0
12 29 571
12 30 0
12 31 0
12 32 0
12 33 0
12 34 553
12 35 0
12 36 391
12 37 555
12 38 198
12 39 0
12 40 161
12 41 193
12 42 29
12 43 0
12 44 324
12 45 0
12 46 0
12 47 0
12 48 0
12 49 23
13 0 616
13 1 612
13 2 0
13 3 0
13 4 0
13 5 738
13 6 0
13 7 183
13 8 0
13 9 0
13 10 0
13 11 0
13 12 835
13 13 481
13 14 0
13 15 0
13 16 879
13 17 709
13 18 0
13 19 0
13 20 0
13 21 0
13 22 237
13 23 0
13 24 865
13 25 373
13 26 462
13 27 961
13 28 0
13 29 0
13 30 0
13 31 304
13 32 870
13 33 127
13 34 244
13 35 381
13 36 517
13 37 151
13 38 776
13 39 0
13 40 0
13 41 909
13 42 233
13 43 0
13 44 0
13 45 591
13 46 0
13 47 0
13 48 45
13 49 600
14 0 876
14 1 756
14 2 0
14 3 0
14 4 771
14 5 889
14 6 0
14 7 101
14 8 828
14 9 0
14 10 353
14 11 0
14 12 0
14 13 510
14 14 806
14 15 0
14 16 252
14 17 545
14 18 0
14 19 0
14 20 895
14 21 212
14 22 502
14 23 866
14 24 275
14 25 102
14 26 169
14 27 0
14 28 350
14 29 250
14 30 374
14 31 0
14 32 300
14 33 590
14 34 543
14 35 0
14 36 15
14 37 639
14 38 95
14 39 801
14 40 0
14 41 939
14 42 100
14 43 0
14 44 0
14 45 0
14 46 0
14 47 188
14 48 457
14 49 0
15 0 0
15 1 0
15 2 0
15 3 0
15 4 0
15 5 210
15 6 0
15 7 0
15 8 0
15 9 0
15 10 390
15 11 641
15 12 849
15 13 156
15 14 942
15 15 1000
15 16 0
15 17 796
15 18 335
15 19 768
15 20 570
15 21 395
15 22 0
15 23 0
15 24 0
15 25 0
15 26 0
15 27 0
15 28 0
15 29 0
15 30 342
15 31 0
15 32 33
15 33 548
15 34 949
15 35 0
15 36 421
15 37 350
15 38 430
15 39 762
15 40 0
15 41 0
15 42 0
15 43 342
15 44 479
15 45 0
15 46 667
15 47 0
15 48 59
15 49 0
16 0 268
16 1 0
16 2 291
16 3 0
16 4 0
16 5 0
16 6 796
16 7 0
16 8 678
16 9 218
16 10 907
16 11 0
16 12 491
16 13 818
16 14 1
16 15 0
16 16 314
16 17 904
16 18 0
16 19 0
16 20 0
16 21 230
16 22 0
16 23 8
16 24 0
16 25 0
16 26 0
16 27 763
16 28 962
16 29 358
16 30 0
16 31 0
16 32 438
16 33 584
16 34 971
16 35 0
16 36 171
16 37 0
16 38 0
16 39 647
16 40 0
16 41 0
16 42 421
16 43 525
16 44 698
16 45 885
16 46 0
16 47 0
16 48 0
16 49 0
17 0 0
17 1 733
17 2 760
17 3 513
17 4 22
17 5 181
17 6 0
17 7 0
17 8 0
17 9 648
17 10 0
17 11 0
17 12 503
17 13 0
17 14 106
17 15 958
17 16 829
17 17 919
17 18 656
17 19 379
17 20 776
17 21 0
17 22 0
17 23 0
17 24 0
17 25 246
17 26 980
17 27 0
17 28 127
17 29 0
17 30 0
17 31 488
17 32 0
17 33 0
17 34 405
17 35 0
17 36 0
17 37 386
17 38 741
17 39 0
17 40 319
17 41 0
17 42 0
17 43 0
17 44 0
17 45 0
17 46 0
17 47 0
17 48 236
17 49 0
18 0 0
18 1 18
18 2 565
18 3 901
18 4 735
18 5 599
18 6 360
18 7 358
18 8 0
18 9 0
18 10 364
18 11 0
18 12 0
18 13 0
18 14 0
18 15 0
18 16 0
18 17 663
18 18 990
18 19 462
18 20 419
18 21 858
18 22 0
18 23 0
18 24 679
18 25 0
18 26 0
18 27 163
18 28 396
18 29 500
18 30 0
18 31 0
18 32 0
18 33 678
18 34 227
18 35 0
18 36 932
18 37 0
18 38 0
18 39 0
18 40 327
18 41 0
18 42 0
18 43 20
18 44 0
18 45 0
18 46 0
18 47 0
18 48 391
18 49 0
19 0 0
19 1 0
19 2 0
19 3 992
19 4 744
19 5 54
19 6 0
19 7 560
19 8 446
19 9 0
19 10 0
19 11 0
19 12 192
19 13 762
19 14 575
19 15 0
19 16 452
19 17 0
19 18 0
19 19 0
19 20 526
19 21 903
19 22 0
19 23 0
19 24 0
19 25 784
19 26 850
19 27 699
19 28 0
19 29 0
19 30 0
19 31 900
19 32 942
19 33 0
19 34 539
19 35 972
19 36 0
19 37 312
19 38 80
19 39 0
19 40 0
19 41 0
19 42 0
19 43 602
19 44 0
19 45 0
19 46 958
19 47 901
19 48 852
19 49 451
20 0 902
20 1 0
20 2 814
20 3 186
20 4 0
20 5 33
20 6 209
20 7 0
20 8 426
20 9 0
20 10 534
20 11 0
20 12 0
20 13 125
20 14 0
20 15 0
20 16 0
20 17 0
20 18 0
20 19 494
20 20 365
20 21 458
20 22 897
20 23 254
20 24 0
20 25 0
20 26 786
20 27 0
20 28 0
20 29 0
20 30 145
20 31 677
20 32 713
20 33 833
20 34 0
20 35 0
20 36 997
20 37 332
20 38 33
20 39 806
20 40 0
20 41 0
20 42 782
20 43 0
20 44 74
20 45 371
20 46 517
20 47 403
20 48 41
20 49 801
21 0 0
21 1 0
21 2 0
21 3 6
21 4 0
21 5 0
21 6 352
21 7 0
21 8 0
21 9 65
21 10 0
21 11 46
21 12 0
21 13 996
21 14 771
21 15 616
21 16 0
21 17 638
21 18 0
21 19 185
21 20 0
21 21 20
21 22 738
21 23 235
21 24 914
21 25 792
21 26 449
21 27 170
21 28 0
21 29 0
21 30 0
21 31 788
21 32 273
21 33 0
21 34 248
21 35 82
21 36 0
21 37 0
21 38 0
21 39 182
21 40 143
21 41 44
21 42 494
21 43 236
21 44 0
21 45 0
21 46 0
21 47 71
21 48 0
21 49 0
22 0 183
22 1 20
22 2 462
22 3 0
22 4 0
22 5 714
22 6 0
22 7 608
22 8 336
22 9 0
22 10 0
22 11 0
22 12 0
22 13 211
22 14 0
22 15 748
22 16 0
22 17 0
22 18 0
22 19 0
22 20 0
22 21 100
22 22 0
22 23 738
22 24 0
22 25 690
22 26 0
22 27 486
22 28 0
22 29 273
22 30 399
22 31 0
22 32 0
22 33 0
22 34 0
22 35 0
22 36 0
22 37 0
22 38 0
22 39 55
22 40 0
22 41 128
22 42 47
22 43 0
22 44 142
22 45 0
22 46 0
22 47 99
22 48 0
22 49 894
23 0 97
23 1 0
23 2 293
23 3 0
23 4 0
23 5 479
23 6 0
23 7 673
23 8 0
23 9 0
23 10 0
23 11 750
23 12 717
23 13 24
23 14 0
23 15 643
23 16 354
23 17 0
23 18 0
23 19 0
23 20 396
23 21 0
23 22 0
23 23 0
23 24 634
23 25 108
23 26 0
23 27 0
23 28 0
23 29 0
23 30 794
23 31 281
23 32 0
23 33 0
23 34 0
23 35 183
23 36 0
23 37 0
23 38 13
23 39 782
23 40 861
23 41 158
23 42 0
23 43 0
23 44 833
23 45 123
23 46 0
23 47 0
23 48 391
23 49 0
24 0 0
24 1 757
24 2 0
24 3 631
24 4 263
24 5 313
24 6 224
24 7 375
24 8 0
24 9 0
24 10 0
24 11 335
24 12 536
24 13 0
24 14 0
24 15 199
24 16 1000
24 17 0
24 18 256
24 19 0
24 20 0
24 21 0
24 22 635
24 23 976
24 24 0
24 25 108
24 26 0
24 27 501
24 28 0
24 29 319
24 30 353
24 31 0
24 32 0
24 33 172
24 34 310
24 35 0
24 36 723
24 37 0
24 38 0
24 39 681
24 40 0
24 41 0
24 42 0
24 43 0
24 44 453
24 45 851
24 46 0
24 47 524
24 48 821
24 49 556
25 0 478
25 1 349
25 2 0
25 3 893
25 4 883
25 5 294
25 6 857
25 7 282
25 8 0
25 9 0
25 10 125
25 11 144
25 12 0
25 13 0
25 14 619
25 15 417
25 16 0
25 17 0
25 18 666
25 19 0
25 20 42
25 21 70
25 22 502
25 23 0
25 24 446
25 25 604
25 26 0
25 27 0
25 28 685
25 29 0
25 30 0
25 31 0
25 32 195
25 33 0
25 34 937
25 35 520
25 36 712
25 37 0
25 38 818
25 39 0
25 40 0
25 41 870
25 42 0
25 43 815
25 44 0
25 45 645
25 46 0
25 47 454
25 48 11
25 49 211
26 0 0
26 1 0
26 2 959
26 3 223
26 4 665
26 5 0
26 6 722
26 7 202
26 8 616
26 9 919
26 10 968
26 11 739
26 12 0
26 13 0
26 14 377
26 15 830
26 16 23
26 17 449
26 18 126
26 19 0
26 20 864
26 21 341
26 22 0
26 23 594
26 24 0
26 25 22
26 26 327
26 27 847
26 28 679
26 29 930
26 30 0
26 31 178
26 32 0
26 33 591
26 34 947
26 35 0
26 36 0
26 37 0
26 38 760
26 39 131
26 40 0
26 41 323
26 42 0
26 43 0
26 44 0
26 45 0
26 46 484
26 47 835
26 48 102
26 49 0
27 0 477
27 1 0
27 2 827
27 3 0
27 4 0
27 5 662
27 6 551
27 7 0
27 8 0
27 9 166
27 10 326
27 11 0
27 12 759
27 13 0
27 14 0
27 15 620
27 16 0
27 17 0
27 18 326
27 19 0
27 20 0
27 21 54
27 22 360
27 23 0
27 24 0
27 25 0
27 26 0
27 27 0
27 28 17
27 29 980
27 30 974
27 31 0
27 32 804
27 33 0
27 34 968
27 35 324
27 36 0
27 37 807
27 38 528
27 39 0
27 40 340
27 41 0
27 42 1000
27 43 0
27 44 0
27 45 284
27 46 0
27 47 187
27 48 919
27 49 0
28 0 0
28 1 168
28 2 223
28 3 0
28 4 172
28 5 0
28 6 0
28 7 239
28 8 0
28 9 0
28 10 406
28 11 172
28 12 619
28 13 0
28 14 0
28 15 0
28 16 826
28 17 0
28 18 576
28 19 0
28 20 127
28 21 404
28 22 0
28 23 0
28 24 266
28 25 670
28 26 0
28 27 198
28 28 53
28 29 778
28 30 0
28 31 638
28 32 812
28 33 154
28 34 0
28 35 0
28 36 979
28 37 884
28 38 17
28 39 0
28 40 54
28 41 519
28 42 541
28 43 188
28 44 0
28 45 0
28 46 534
28 47 0
28 48 0
28 49 0
29 0 0
29 1 0
29 2 0
29 3 189
29 4 0
29 5 0
29 6 158
29 7 0
29 8 930
29 9 0
29 10 999
29 11 0
29 12 177
29 13 0
29 14 790
29 15 933
29 16 0
29 17 0
29 18 77
29 19 0
29 20 13
29 21 891
29 22 393
29 23 806
29 24 0
29 25 0
29 26 894
29 27 0
29 28 626
29 29 224
29 30 369
29 31 0
29 32 0
29 33 0
29 34 881
29 35 436
29 36 379
29 37 319
29 38 0
29 39 563
29 40 0
29 41 474
29 42 819
29 43 0
29 44 381
29 45 768
29 46 0
29 47 789
29 48 0
29 49 621
30 0 0
30 1 0
30 2 0
30 3 0
30 4 0
30 5 104
30 6 0
30 7 919
30 8 0
30 9 0
30 10 762
30 11 199
30 12 106
30 13 0
30 14 55
30 15 274
30 16 0
30 17 668
30 18 845
30 19 0
30 20 0
30 21 561
30 22 0
30 23 0
30 24 687
30 25 825
30 26 437
30 27 84
30 28 499
30 29 868
30 30 596
30 31 587
30 32 0
30 33 100
30 34 0
30 35 0
30 36 0
30 37 250
30 38 147
30 39 0
30 40 683
30 41 566
30 42 0
30 43 0
30 44 911
30 45 0
30 46 0
30 47 384
30 48 756
30 49 0
31 0 0
31 1 0
31 2 0
31 3 916
31 4 423
31 5 776
31 6 0
31 7 191
31 8 0
31 9 903
31 10 633
31 11 815
31 12 0
31 13 299
31 14 77
31 15 790
31 16 370
31 17 483
31 18 0
31 19 0
31 20 0
31 21 0
31 22 363
31 23 29
31 24 435
31 25 879
31 26 136
31 27 945
31 28 0
31 29 425
31 30 845
31 31 650
31 32 65
31 33 281
31 34 514
31 35 616
31 36 0
31 37 418
31 38 0
31 39 152
31 40 628
31 41 666
31 42 0
31 43 0
31 44 848
31 45 268
31 46 0
31 47 414
31 48 121
31 49 620
32 0 0
32 1 0
32 2 220
32 3 0
32 4 0
32 5 574
32 6 0
32 7 93
32 8 0
32 9 0
32 10 0
32 11 484
32 12 0
32 13 0
32 14 862
32 15 0
32 16 813
32 17 893
32 18 79
32 19 0
32 20 879
32 21 0
32 22 0
32 23 729
32 24 0
32 25 157
32 26 621
32 27 0
32 28 0
32 29 0
32 30 100
32 31 0
32 32 0
32 33 0
32 34 0
32 35 636
32 36 539
32 37 0
32 38 0
32 39 116
32 40 0
32 41 936
32 42 477
32 43 0
32 44 0
32 45 0
32 46 0
32 47 0
32 48 592
32 49 410
33 0 0
33 1 501
33 2 789
33 3 218
33 4 691
33 5 0
33 6 465
33 7 988
33 8 0
33 9 408
33 10 673
33 11 0
33 12 0
33 13 0
33 14 599
33 15 0
33 16 677
33 17 0
33 18 0
33 19 0
33 20 0
33 21 919
33 22 0
33 23 0
33 24 0
33 25 576
33 26 768
33 27 0
33 28 0
33 29 817
33 30 854
33 31 0
33 32 71
33 33 928
33 34 0
33 35 524
33 36 873
33 37 0
33 38 241
33 39 0
33 40 758
33 41 0
33 42 0
33 43 97
33 44 163
33 45 0
33 46 201
33 47 8
33 48 110
33 49 0
34 0 875
34 1 0
34 2 0
34 3 304
34 4 0
34 5 0
34 6 111
34 7 910
34 8 0
34 9 0
34 10 399
34 11 418
34 12 426
34 13 0
34 14 361
34 15 80
34 16 0
34 17 434
34 18 292
34 19 814
34 20 0
34 21 621
34 22 0
34 23 34
34 24 801
34 25 432
34 26 52
34 27 216
34 28 807
34 29 0
34 30 0
34 31 0
34 32 864
34 33 394
34 34 72
34 35 149
34 36 260
34 37 0
34 38 874
34 39 386
34 40 0
34 41 0
34 42 463
34 43 0
34 44 107
34 45 932
34 46 945
34 47 0
34 48 96
34 49 0
35 0 657
35 1 0
35 2 695
35 3 0
35 4 13
35 5 46
35 6 0
35 7 813
35 8 0
35 9 0
35 10 969
35 11 352
35 12 0
35 13 0
35 14 0
35 15 225
35 16 103
35 17 0
35 18 0
35 19 0
35 20 555
35 21 928
35 22 888
35 23 0
35 24 0
35 25 0
35 26 0
35 27 792
35 28 0
35 29 258
35 30 73
35 31 0
35 32 726
35 33 297
35 34 664
35 35 0
35 36 123
35 37 0
35 38 300
35 39 0
35 40 667
35 41 0
35 42 0
35 43 0
35 44 0
35 45 134
35 46 0
35 47 0
35 48 730
35 49 38
36 0 747
36 1 476
36 2 0
36 3 0
36 4 226
36 5 0
36 6 422
36 7 41
36 8 0
36 9 444
36 10 0
36 11 295
36 12 0
36 13 491
36 14 0
36 15 0
36 16 650
36 17 0
36 18 467
36 19 389
36 20 0
36 21 0
36 22 0
36 23 0
36 24 309
36 25 935
36 26 0
36 27 0
36 28 890
36 29 0
36 30 1000
36 31 289
36 32 52
36 33 0
36 34 116
36 35 0
36 36 992
36 37 326
36 38 398
36 39 0
36 40 0
36 41 319
36 42 0
36 43 0
36 44 0
36 45 0
36 46 0
36 47 0
36 48 128
36 49 0
37 0 4
37 1 750
37 2 0
37 3 0
37 4 0
37 5 742
37 6 0
37 7 0
37 8 0
37 9 33
37 10 120
37 11 790
37 12 37
37 13 792
37 14 969
37 15 0
37 16 38
37 17 0
37 18 0
37 19 0
37 20 209
37 21 0
37 22 0
37 23 0
37 24 116
37 25 163
37 26 0
37 27 106
37 28 632
37 29 0
37 30 0
37 31 580
37 32 0
37 33 719
37 34 0
37 35 492
37 36 354
37 37 116
37 38 338
37 39 0
37 40 0
37 41 0
37 42 293
37 43 833
37 44 0
37 45 652
37 46 712
37 47 0
37 48 584
37 49 738
38 0 14
38 1 820
38 2 160
38 3 0
38 4 964
38 5 743
38 6 831
38 7 39
38 8 862
38 9 334
38 10 347
38 11 58
38 12 0
38 13 761
38 14 0
38 15 987
38 16 233
38 17 398
38 18 768
38 19 0
38 20 0
38 21 665
38 22 152
38 23 924
38 24 867
38 25 0
38 26 134
38 27 723
38 28 163
38 29 0
38 30 0
38 31 0
38 32 76
38 33 38
38 34 780
38 35 92
38 36 0
38 37 438
38 38 0
38 39 0
38 40 0
38 41 0
38 42 971
38 43 0
38 44 794
38 45 431
38 46 0
38 47 0
38 48 440
38 49 0
39 0 702
39 1 354
39 2 477
39 3 0
39 4 824
39 5 0
39 6 838
39 7 508
39 8 962
39 9 895
39 10 721
39 11 0
39 12 516
39 13 583
39 14 481
39 15 590
39 16 150
39 17 373
39 18 0
39 19 117
39 20 0
39 21 242
39 22 10
39 23 239
39 24 255
39 25 198
39 26 0
39 27 0
39 28 972
39 29 0
39 30 792
39 31 234
39 32 0
39 33 636
39 34 234
39 35 0
39 36 0
39 37 0
39 38 0
39 39 355
39 40 0
39 41 0
39 42 971
39 43 0
39 44 0
39 45 255
39 46 0
39 47 273
39 48 0
39 49 683
40 0 0
40 1 197
40 2 704
40 3 0
40 4 0
40 5 0
40 6 111
40 7 992
40 8 999
40 9 324
40 10 0
40 11 834
40 12 0
40 13 302
40 14 0
40 15 420
40 16 118
40 17 209
40 18 102
40 19 0
40 20 0
40 21 598
40 22 0
40 23 582
40 24 99
40 25 223
40 26 253
40 27 452
40 28 31
40 29 0
40 30 912
40 31 0
40 32 0
40 33 895
40 34 0
40 35 853
40 36 0
40 37 0
40 38 244
40 39 0
40 40 0
40 41 998
40 42 504
40 43 714
40 44 362
40 45 0
40 46 0
40 47 435
40 48 18
40 49 0
41 0 0
41 1 497
41 2 0
41 3 585
41 4 0
41 5 174
41 6 485
41 7 0
41 8 0
41 9 65
41 10 0
41 11 0
41 12 0
41 13 909
41 14 646
41 15 18
41 16 0
41 17 0
41 18 0
41 19 816
41 20 0
41 21 713
41 22 0
41 23 0
41 24 0
41 25 297
41 26 0
41 27 0
41 28 0
41 29 967
41 30 0
41 31 0
41 32 0
41 33 995
41 34 0
41 35 24
41 36 0
41 37 0
41 38 0
41 39 0
41 40 0
41 41 0
41 42 791
41 43 0
41 44 0
41 45 638
41 46 943
41 47 0
41 48 0
41 49 181
42 0 0
42 1 0
42 2 506
42 3 0
42 4 740
42 5 0
42 6 0
42 7 0
42 8 177
42 9 714
42 10 0
42 11 0
42 12 470
42 13 0
42 14 0
42 15 703
42 16 0
42 17 0
42 18 0
42 19 66
42 20 704
42 21 645
42 22 696
42 23 311
42 24 143
42 25 0
42 26 690
42 27 622
42 28 0
42 29 0
42 30 950
42 31 872
42 32 57
42 33 661
42 34 0
42 35 992
42 36 918
42 37 588
42 38 404
42 39 0
42 40 0
42 41 894
42 42 0
42 43 301
42 44 0
42 45 0
42 46 615
42 47 197
42 48 0
42 49 443
43 0 0
43 1 0
43 2 122
43 3 0
43 4 418
43 5 0
43 6 702
43 7 0
43 8 920
43 9 900
43 10 401
43 11 0
43 12 355
43 13 0
43 14 578
43 15 0
43 16 0
43 17 0
43 18 0
43 19 958
43 20 0
43 21 0
43 22 758
43 23 0
43 24 25
43 25 0
43 26 0
43 27 0
43 28 0
43 29 59
43 30 0
43 31 0
43 32 683
43 33 0
43 34 793
43 35 0
43 36 0
43 37 0
43 38 412
43 39 0
43 40 397
43 41 436
43 42 167
43 43 0
43 44 0
43 45 0
43 46 838
43 47 0
43 48 0
43 49 0
44 0 282
44 1 0
44 2 0
44 3 961
44 4 0
44 5 0
44 6 553
44 7 127
44 8 0
44 9 363
44 10 410
44 11 650
44 12 0
44 13 0
44 14 0
44 15 0
44 16 0
44 17 936
44 18 0
44 19 0
44 20 981
44 21 483
44 22 248
44 23 65
44 24 513
44 25 0
44 26 970
44 27 0
44 28 621
44 29 822
44 30 531
44 31 0
44 32 0
44 33 0
44 34 0
44 35 996
44 36 252
44 37 0
44 38 435
44 39 270
44 40 0
44 41 628
44 42 931
44 43 0
44 44 0
44 45 0
44 46 0
44 47 0
44 48 0
44 49 0
45 0 112
45 1 0
45 2 0
45 3 0
45 4 0
45 5 0
45 6 0
45 7 557
45 8 0
45 9 0
45 10 393
45 11 0
45 12 823
45 13 639
45 14 0
45 15 0
45 16 501
45 17 858
45 18 472
45 19 0
45 20 117
45 21 262
45 22 343
45 23 820
45 24 930
45 25 0
45 26 235
45 27 0
45 28 891
45 29 17
45 30 163
45 31 0
45 32 0
45 33 771
45 34 440
45 35 89
45 36 627
45 37 0
45 38 89
45 39 0
45 40 516
45 41 0
45 42 685
45 43 0
45 44 136
45 45 0
45 46 679
45 47 986
45 48 0
45 49 529
46 0 835
46 1 39
46 2 298
46 3 0
46 4 201
46 5 915
46 6 0
46 7 996
46 8 916
46 9 0
46 10 796
46 11 0
46 12 0
46 13 413
46 14 369
46 15 68
46 16 0
46 17 0
46 18 0
46 19 273
46 20 973
46 21 97
46 22 0
46 23 0
46 24 826
46 25 985
46 26 184
46 27 0
46 28 0
46 29 0
46 30 679
46 31 0
46 32 0
46 33 191
46 34 0
46 35 697
46 36 225
46 37 878
46 38 469
46 39 650
46 40 0
46 41 48
46 42 346
46 43 0
46 44 107
46 45 0
46 46 842
46 47 0
46 48 0
46 49 0
47 0 518
47 1 0
47 2 523
47 3 718
47 4 651
47 5 697
47 6 412
47 7 335
47 8 639
47 9 0
47 10 27
47 11 241
47 12 0
47 13 0
47 14 0
47 15 711
47 16 0
47 17 0
47 18 157
47 19 124
47 20 0
47 21 885
47 22 0
47 23 0
47 24 0
47 25 0
47 26 0
47 27 685
47 28 116
47 29 995
47 30 53
47 31 0
47 32 788
47 33 0
47 34 0
47 35 641
47 36 152
47 37 0
47 38 0
47 39 0
47 40 0
47 41 840
47 42 112
47 43 523
47 44 0
47 45 0
47 46 763
47 47 248
47 48 19
47 49 0
48 0 0
48 1 0
48 2 700
48 3 157
48 4 612
48 5 819
48 6 0
48 7 0
48 8 0
48 9 0
48 10 415
48 11 543
48 12 400
48 13 0
48 14 0
48 15 825
48 16 0
48 17 0
48 18 109
48 19 234
48 20 835
48 21 0
48 22 585
48 23 555
48 24 510
48 25 607
48 26 0
48 27 721
48 28 582
48 29 582
48 30 0
48 31 851
48 32 0
48 33 0
48 34 988
48 35 0
48 36 685
48 37 0
48 38 0
48 39 0
48 40 0
48 41 0
48 42 0
48 43 549
48 44 0
48 45 438
48 46 586
48 47 939
48 48 915
48 49 659
49 0 0
49 1 0
49 2 778
49 3 82
49 4 0
49 5 342
49 6 637
49 7 0
49 8 910
49 9 679
49 10 0
49 11 0
49 12 0
49 13 0
49 14 0
49 15 0
49 16 0
49 17 960
49 18 830
49 19 0
49 20 0
49 21 714
49 22 0
49 23 890
49 24 0
49 25 514
49 26 0
49 27 0
49 28 0
49 29 0
49 30 564
49 31 777
49 32 0
49 33 0
49 34 0
49 35 509
49 36 0
49 37 709
49 38 68
49 39 0
49 40 0
49 41 0
49 42 0
49 43 375
49 44 0
49 45 478
49 46 0
49 47 352
49 48 1
49 49 752
