100 1000 48994 60055 3.14846e+07
600 1000 298298 364997 2.13751e+08
1100 1000 547535 669597 4.14787e+08
1600 1000 796623 975016 6.51284e+08
2100 1000 1046580 1281010 8.43852e+08
2600 1000 1295491 1585086 1.07576e+09
3100 1000 1546125 1893311 1.24236e+09
3600 1000 1795841 2199386 1.45204e+09
4100 1000 2046002 2505824 1.75364e+09
4600 1000 2295288 2811282 1.94377e+09
5100 1000 2543342 3113919 2.27247e+09
5600 1000 2792713 3419053 2.61735e+09
6100 1000 3043485 3725730 2.47366e+09
6600 1000 3293258 4031088 2.77847e+09
7100 1000 3543919 4340673 2.97232e+09
7600 1000 3793652 4646459 3.43662e+09
8100 1000 4040659 4946155 3.3998e+09
8600 1000 4289426 5250115 3.71854e+09
9100 1000 4540003 5559150 3.86977e+09
9600 1000 4789421 5863461 4.24993e+09
